3.302791151439367529e+38
6.229040462384523277e+35
3.537515248267620307e+37
1.629092438035190611e+39
1.108889653751345067e+39
1.766174132929598120e+38
5.172243938420476072e+38
9.947608394975685653e+37
3.090895428685600921e+38
9.221985361999300737e+38
3.694828003200623536e+37
1.307850232990080234e+38
1.540171452405966888e+39
9.746106751562936770e+38
3.800556698764932626e+35
2.383826698952627426e+38
1.201171713110020532e+38
8.885798130974234373e+37
2.696993732787069001e+37
6.792978660627112753e+38
3.389264027569049600e+38
2.070490367461049608e+38
1.009729056719310965e+38
1.795901884133194292e+38
1.266575520413907271e+38
