5.540576847628548069e+42
2.535839226992650552e+38
2.220339447243701107e+36
1.287836418809794092e+38
8.760353616999660705e+37
1.065872143168256893e+37
3.121411886006417055e+37
6.023304182101801648e+36
1.894470282989312297e+37
5.652333618239216903e+37
1.586776488994884399e+37
2.362641857957503623e+38
9.927469405615002558e+37
6.291549444968008361e+37
9.807873440979768630e+33
9.208694027948101984e+38
4.598272472745241811e+38
5.308766078935144404e+36
1.611303000370567168e+36
1.655804384339217898e+37
8.260347637177304267e+36
1.081380164883052250e+37
6.361911225588686361e+36
1.442826114266768693e+37
1.017507365123891730e+37
