3.421480915066896073e+38
6.290602936549902781e+35
3.517554832458463760e+37
1.635760861806264112e+39
1.113419829048310094e+39
1.775682032273886434e+38
5.200088580128877408e+38
9.997280007077911580e+37
3.103221803553736338e+38
9.258761947041291580e+38
3.750107374013537661e+37
1.312531281268592791e+38
1.545199252905200527e+39
9.777661910457361962e+38
3.820712306719302195e+35
2.351713077452583019e+38
1.184989531862437318e+38
8.947514311413323662e+37
2.715725166429717839e+37
6.815403323824573147e+38
3.400457460695959581e+38
2.078490887699594928e+38
1.013815411944368484e+38
1.802245244697679538e+38
1.271086557307608694e+38
