5.540576847628548069e+42
1.014335690797060221e+39
8.881357788974804427e+36
5.151345675239176367e+38
3.504141446799864282e+38
4.263488572673027570e+37
1.248564754402566822e+38
2.409321672840720659e+37
7.577881131957249189e+37
2.260933447295686761e+38
1.586776488994884399e+37
9.450567431830014491e+38
3.970987762246001023e+38
2.516619777987203344e+38
3.923149376391907452e+34
3.683477611179240793e+39
1.839308989098096724e+39
2.123506431574057761e+37
6.445212001482268673e+36
6.623217537356871591e+37
3.304139054870921707e+37
4.325520659532208999e+37
2.544764490235474544e+37
5.771304457067074771e+37
4.070029460495566919e+37
