5.540631813443253487e+42
1.014701854414337588e+39
8.881358309008628882e+36
5.151345675239608558e+38
3.504141446800156691e+38
4.263488572673027570e+37
1.248564754402567011e+38
2.409321672860484235e+37
7.577881131975379299e+37
2.260933447301090660e+38
1.586776488994883219e+37
9.452202667958899569e+38
3.970987770910093564e+38
2.516619783917283699e+38
3.923149376391908374e+34
3.683707430656835613e+39
1.839423722610539771e+39
2.123506431577232608e+37
6.445212001491889314e+36
6.623217537356874425e+37
3.304139054870920762e+37
4.325520659532207110e+37
2.544764490235476433e+37
5.771305955195882290e+37
4.070030377929239504e+37
